150.0
51, 69, 0.0036363636363636364, 0.00909090909090909
51, 59, 0.20909090909090908, 0.5227272727272727
53, 58, 0.4036363636363636, 1.009090909090909
51, 89, 0.4090909090909091, 1.0227272727272727
44, 100, 0.4036363636363636, 1.009090909090909
36, 70, 0.6018181818181818, 1.5045454545454544
51, 61, 0.6090909090909091, 1.522727272727273
36, 83, 0.7981818181818182, 1.9954545454545456
51, 63, 0.8090909090909091, 2.0227272727272725
53, 56, 0.9981818181818182, 2.495454545454545
51, 73, 1.0072727272727273, 2.518181818181818
53, 67, 1.2036363636363636, 3.009090909090909
51, 89, 1.2072727272727273, 3.018181818181818
44, 100, 1.2, 3.0
46, 62, 1.4072727272727272, 3.518181818181818
51, 69, 1.6036363636363635, 4.009090909090909
51, 59, 1.809090909090909, 4.5227272727272725
53, 58, 2.0036363636363634, 5.009090909090909
51, 89, 2.0090909090909093, 5.0227272727272725
44, 100, 2.0036363636363634, 5.009090909090909
36, 70, 2.2018181818181817, 5.504545454545454
51, 61, 2.209090909090909, 5.5227272727272725
36, 83, 2.398181818181818, 5.995454545454545
51, 63, 2.409090909090909, 6.0227272727272725
53, 56, 2.598181818181818, 6.495454545454546
51, 73, 2.6072727272727274, 6.5181818181818185
53, 67, 2.8036363636363637, 7.00909090909091
51, 89, 2.807272727272727, 7.018181818181818
44, 100, 2.8, 7.0
46, 62, 3.0072727272727273, 7.5181818181818185