113.00030886751091
35, 127, 0.0, 0.0
41, 67, 0.0, 0.0
38, 34, 0.12550247272727272, 0.23636363636363636
38, 42, 0.25341845454545453, 0.4772727272727273
41, 80, 0.2678995090909091, 0.5045454545454545
46, 127, 0.2727265272727273, 0.5136363636363637
35, 127, 0.41271005454545456, 0.7772727272727273
46, 104, 0.5261449818181818, 0.9909090909090909
38, 93, 0.530972, 1.0
41, 95, 0.5333855090909091, 1.0045454545454546
38, 43, 0.6637149999999999, 1.25
38, 41, 0.7988715090909091, 1.5045454545454546
41, 80, 0.796458, 1.5
46, 127, 0.7988715090909091, 1.5045454545454546
35, 81, 0.926787490909091, 1.7454545454545456
38, 34, 0.931614509090909, 1.7545454545454544
35, 127, 1.064357509090909, 2.0045454545454544
41, 65, 1.0740115454545454, 2.0227272727272725
38, 44, 1.1850329636363637, 2.231818181818182
46, 127, 1.3105354363636363, 2.4681818181818183
38, 52, 1.3153624545454545, 2.4772727272727275
41, 80, 1.3177759636363637, 2.4818181818181824
35, 127, 1.4529324727272728, 2.7363636363636363
46, 59, 1.5832619636363636, 2.981818181818182
38, 99, 1.5905024909090908, 2.995454545454545
41, 82, 1.5880889818181818, 2.990909090909091
38, 45, 1.7208319818181819, 3.240909090909091
46, 127, 1.8390939272727274, 3.463636363636364
38, 36, 1.855988490909091, 3.4954545454545456
41, 81, 1.860815509090909, 3.504545454545455
35, 127, 1.8680560363636363, 3.518181818181818
38, 34, 1.9959720181818181, 3.7590909090909093
35, 127, 2.123888, 4.0
41, 67, 2.123888, 4.0
38, 34, 2.249390472727273, 4.236363636363637
38, 42, 2.3773064545454545, 4.4772727272727275
41, 80, 2.391787509090909, 4.504545454545454
46, 127, 2.3966145272727273, 4.513636363636364
35, 127, 2.5365980545454545, 4.777272727272727
46, 104, 2.650032981818182, 4.99090909090909
38, 93, 2.6548599999999998, 5.0
41, 95, 2.657273509090909, 5.004545454545454
38, 43, 2.787603, 5.25
38, 41, 2.922759509090909, 5.504545454545455
41, 80, 2.920346, 5.5
46, 127, 2.922759509090909, 5.504545454545455
35, 81, 3.0506754909090907, 5.745454545454546
38, 34, 3.055502509090909, 5.754545454545455
35, 127, 3.188245509090909, 6.004545454545455
41, 65, 3.1978995454545456, 6.0227272727272725
38, 44, 3.3089209636363637, 6.231818181818182
46, 127, 3.4344234363636366, 6.468181818181819
38, 52, 3.4392504545454545, 6.4772727272727275
41, 80, 3.4416639636363637, 6.481818181818182
35, 127, 3.5768204727272725, 6.736363636363636
46, 59, 3.707149963636364, 6.981818181818182
38, 99, 3.714390490909091, 6.995454545454546
41, 82, 3.711976981818182, 6.990909090909091
38, 45, 3.844719981818182, 7.240909090909091
46, 127, 3.962981927272727, 7.463636363636364
38, 36, 3.9798764909090907, 7.495454545454546
41, 81, 3.984703509090909, 7.504545454545455
35, 127, 3.9919440363636363, 7.5181818181818185
38, 34, 4.119860018181818, 7.75909090909091